I (A)	s(I) (A)	U (V)	s(U) (V)
-5,559573E-9	NaN	-14,468000E-3	NaN
-8,663039E-9	NaN	-14,492000E-3	NaN
-6,197338E-9	NaN	-14,507000E-3	NaN
-4,756659E-9	NaN	-14,519000E-3	NaN
584,314483E-6	NaN	2,565100E+0	NaN
575,342382E-6	NaN	2,564000E+0	NaN
571,567554E-6	NaN	2,562700E+0	NaN
580,282081E-6	NaN	2,564400E+0	NaN
585,732363E-6	NaN	2,564600E+0	NaN
576,119837E-6	NaN	2,563700E+0	NaN
561,404403E-6	NaN	2,562700E+0	NaN
577,070856E-6	NaN	2,564600E+0	NaN
579,360560E-6	NaN	2,563900E+0	NaN
565,038962E-6	NaN	2,562800E+0	NaN
1,459295E-3	NaN	2,641000E+0	NaN
1,451135E-3	NaN	2,640200E+0	NaN
1,466640E-3	NaN	2,640900E+0	NaN
1,444280E-3	NaN	2,639600E+0	NaN
1,442596E-3	NaN	2,638800E+0	NaN
1,440446E-3	NaN	2,639100E+0	NaN
1,425775E-3	NaN	2,638200E+0	NaN
1,422776E-3	NaN	2,637400E+0	NaN
1,442235E-3	NaN	2,638600E+0	NaN
1,440535E-3	NaN	2,639200E+0	NaN
1,451353E-3	NaN	2,639100E+0	NaN
2,461447E-3	NaN	2,701300E+0	NaN
2,448880E-3	NaN	2,700300E+0	NaN
2,442750E-3	NaN	2,700000E+0	NaN
2,442430E-3	NaN	2,699600E+0	NaN
2,448566E-3	NaN	2,699700E+0	NaN
2,440031E-3	NaN	2,699300E+0	NaN
2,437210E-3	NaN	2,699100E+0	NaN
2,447190E-3	NaN	2,699600E+0	NaN
2,446139E-3	NaN	2,699900E+0	NaN
2,449163E-3	NaN	2,699700E+0	NaN
3,347130E-3	NaN	2,744400E+0	NaN
3,336878E-3	NaN	2,743700E+0	NaN
3,336408E-3	NaN	2,743500E+0	NaN
3,333467E-3	NaN	2,743300E+0	NaN
3,345648E-3	NaN	2,743700E+0	NaN
3,341476E-3	NaN	2,743400E+0	NaN
3,339182E-3	NaN	2,743300E+0	NaN
3,336922E-3	NaN	2,743400E+0	NaN
3,338490E-3	NaN	2,743400E+0	NaN
3,352877E-3	NaN	2,743700E+0	NaN
4,338012E-3	NaN	2,786200E+0	NaN
4,320069E-3	NaN	2,784900E+0	NaN
4,313306E-3	NaN	2,784500E+0	NaN
4,325352E-3	NaN	2,784500E+0	NaN
4,321655E-3	NaN	2,784300E+0	NaN
4,312651E-3	NaN	2,783700E+0	NaN
4,307085E-3	NaN	2,783600E+0	NaN
4,306441E-3	NaN	2,783200E+0	NaN
4,308594E-3	NaN	2,783300E+0	NaN
5,215837E-3	NaN	2,818100E+0	NaN
5,225839E-3	NaN	2,817900E+0	NaN
5,227806E-3	NaN	2,818000E+0	NaN
5,213844E-3	NaN	2,817300E+0	NaN
5,209658E-3	NaN	2,816400E+0	NaN
5,204179E-3	NaN	2,816600E+0	NaN
5,220168E-3	NaN	2,817200E+0	NaN
5,194234E-3	NaN	2,816100E+0	NaN
5,198923E-3	NaN	2,816200E+0	NaN
5,198787E-3	NaN	2,816200E+0	NaN
6,228511E-3	NaN	2,851800E+0	NaN
6,225216E-3	NaN	2,851500E+0	NaN
6,217197E-3	NaN	2,850800E+0	NaN
6,212008E-3	NaN	2,850500E+0	NaN
6,205353E-3	NaN	2,850000E+0	NaN
6,218661E-3	NaN	2,849900E+0	NaN
6,209603E-3	NaN	2,849800E+0	NaN
6,218392E-3	NaN	2,850000E+0	NaN
6,189060E-3	NaN	2,849100E+0	NaN
6,196988E-3	NaN	2,849200E+0	NaN
7,096242E-3	NaN	2,877900E+0	NaN
7,099626E-3	NaN	2,877500E+0	NaN
7,095307E-3	NaN	2,877400E+0	NaN
7,086352E-3	NaN	2,876400E+0	NaN
7,083687E-3	NaN	2,876300E+0	NaN
7,096394E-3	NaN	2,876800E+0	NaN
7,110950E-3	NaN	2,877200E+0	NaN
7,117547E-3	NaN	2,877000E+0	NaN
7,120703E-3	NaN	2,876700E+0	NaN
7,124613E-3	NaN	2,877200E+0	NaN
7,668460E-3	NaN	2,893500E+0	NaN
7,669056E-3	NaN	2,893000E+0	NaN
7,669842E-3	NaN	2,893000E+0	NaN
7,669528E-3	NaN	2,892900E+0	NaN
7,670046E-3	NaN	2,892700E+0	NaN
7,670202E-3	NaN	2,892700E+0	NaN
7,670131E-3	NaN	2,892500E+0	NaN