I (A)	s(I) (A)	U (V)	s(U) (V)
-9,396342E-9	NaN	-14,197019E-3	NaN
934,900474E-6	NaN	600,163659E-3	NaN
1,970255E-3	NaN	638,931902E-3	NaN
2,877921E-3	NaN	659,150622E-3	NaN
3,778620E-3	NaN	674,488293E-3	NaN
4,756976E-3	NaN	687,554832E-3	NaN
5,694794E-3	NaN	697,617693E-3	NaN
6,605436E-3	NaN	706,273551E-3	NaN
7,598572E-3	NaN	714,459567E-3	NaN
8,526245E-3	NaN	721,323662E-3	NaN
9,439337E-3	NaN	727,383790E-3	NaN
10,497763E-3	NaN	733,710588E-3	NaN
11,373639E-3	NaN	738,558454E-3	NaN
12,305199E-3	NaN	743,326758E-3	NaN
13,329137E-3	NaN	748,179880E-3	NaN
14,243893E-3	NaN	752,243008E-3	NaN
15,226910E-3	NaN	756,358284E-3	NaN
16,170357E-3	NaN	760,057444E-3	NaN
17,072564E-3	NaN	763,379836E-3	NaN