I (A)	s(I) (A)	U (V)	s(U) (V)
-6,255876E-9	NaN	2,293410E-3	NaN
6,033043E-9	NaN	102,472423E-3	NaN
17,477918E-9	NaN	202,507135E-3	NaN
34,993918E-9	NaN	301,823141E-3	NaN
204,318308E-9	NaN	401,652059E-3	NaN
2,965034E-6	NaN	498,757878E-3	NaN
24,071380E-6	NaN	575,651618E-3	NaN
74,549795E-6	NaN	620,432406E-3	NaN
141,775806E-6	NaN	647,029333E-3	NaN
217,027404E-6	NaN	664,906007E-3	NaN
296,495528E-6	NaN	678,027242E-3	NaN
378,561519E-6	NaN	688,285167E-3	NaN
462,442908E-6	NaN	696,627705E-3	NaN
547,582570E-6	NaN	703,634899E-3	NaN
633,536706E-6	NaN	709,624029E-3	NaN
720,262224E-6	NaN	714,861629E-3	NaN
807,501254E-6	NaN	719,495889E-3	NaN
895,243799E-6	NaN	723,651777E-3	NaN
983,336532E-6	NaN	727,402738E-3	NaN
1,071663E-3	NaN	730,817518E-3	NaN