I (A)	s(I) (A)	U (V)	s(U) (V)
-3,247127E-9	NaN	11,358042E-3	NaN
6,500411E-9	NaN	111,356355E-3	NaN
16,429877E-9	NaN	211,444012E-3	NaN
28,733064E-9	NaN	310,801464E-3	NaN
39,323477E-9	NaN	410,904008E-3	NaN
50,052429E-9	NaN	510,873457E-3	NaN
57,925235E-9	NaN	610,974382E-3	NaN
70,449932E-9	NaN	710,947270E-3	NaN
80,196384E-9	NaN	810,894289E-3	NaN
87,034866E-9	NaN	910,947694E-3	NaN
99,293764E-9	NaN	1,010931E+0	NaN
107,684459E-9	NaN	1,110868E+0	NaN
117,692059E-9	NaN	1,210824E+0	NaN
125,720342E-9	NaN	1,310950E+0	NaN
139,967740E-9	NaN	1,410764E+0	NaN
146,407979E-9	NaN	1,510769E+0	NaN
159,634044E-9	NaN	1,610751E+0	NaN
167,399247E-9	NaN	1,710880E+0	NaN
179,131679E-9	NaN	1,810867E+0	NaN
188,096941E-9	NaN	1,910838E+0	NaN
197,954489E-9	NaN	2,010711E+0	NaN
208,980402E-9	NaN	2,110746E+0	NaN
220,110720E-9	NaN	2,210842E+0	NaN
228,150371E-9	NaN	2,310777E+0	NaN
237,169635E-9	NaN	2,410650E+0	NaN
247,533089E-9	NaN	2,511154E+0	NaN
257,759323E-9	NaN	2,611013E+0	NaN
267,787603E-9	NaN	2,710985E+0	NaN
275,598224E-9	NaN	2,810973E+0	NaN
289,435251E-9	NaN	2,911097E+0	NaN
301,085075E-9	NaN	3,011012E+0	NaN
309,562908E-9	NaN	3,111056E+0	NaN
318,548622E-9	NaN	3,211028E+0	NaN
330,159931E-9	NaN	3,311115E+0	NaN
339,098318E-9	NaN	3,411059E+0	NaN
347,261110E-9	NaN	3,511039E+0	NaN
359,652724E-9	NaN	3,611120E+0	NaN
367,172609E-9	NaN	3,711045E+0	NaN
378,500267E-9	NaN	3,811131E+0	NaN
388,683670E-9	NaN	3,911156E+0	NaN
400,807594E-9	NaN	4,011097E+0	NaN
410,424735E-9	NaN	4,111012E+0	NaN
421,659398E-9	NaN	4,211080E+0	NaN
429,761517E-9	NaN	4,310996E+0	NaN
442,847403E-9	NaN	4,410966E+0	NaN
453,043345E-9	NaN	4,511093E+0	NaN
466,559822E-9	NaN	4,611033E+0	NaN
475,985997E-9	NaN	4,711236E+0	NaN
490,910067E-9	NaN	4,811118E+0	NaN
502,818745E-9	NaN	4,910476E+0	NaN
517,869718E-9	NaN	5,010549E+0	NaN
535,455467E-9	NaN	5,110809E+0	NaN
553,090537E-9	NaN	5,210771E+0	NaN
573,568468E-9	NaN	5,310762E+0	NaN
596,661173E-9	NaN	5,410949E+0	NaN
624,951198E-9	NaN	5,510902E+0	NaN
655,352870E-9	NaN	5,610814E+0	NaN
698,813022E-9	NaN	5,710701E+0	NaN
749,717284E-9	NaN	5,810569E+0	NaN
818,664519E-9	NaN	5,910470E+0	NaN
906,588145E-9	NaN	6,010476E+0	NaN
1,015640E-6	NaN	6,110427E+0	NaN
1,173489E-6	NaN	6,210243E+0	NaN
1,395842E-6	NaN	6,310169E+0	NaN
1,723136E-6	NaN	6,409684E+0	NaN
2,229977E-6	NaN	6,509211E+0	NaN
3,076394E-6	NaN	6,608262E+0	NaN
4,680882E-6	NaN	6,706617E+0	NaN
8,483488E-6	NaN	6,802337E+0	NaN
22,650392E-6	NaN	6,886884E+0	NaN