I (A)	s(I) (A)	U (V)	s(U) (V)
201,529100E-9	NaN	2,002500E+0	NaN
204,304328E-9	NaN	2,012700E+0	NaN
203,831879E-9	NaN	2,022600E+0	NaN
207,501079E-9	NaN	2,032600E+0	NaN
207,982427E-9	NaN	2,042600E+0	NaN
211,305406E-9	NaN	2,052800E+0	NaN
210,807904E-9	NaN	2,062800E+0	NaN
213,905527E-9	NaN	2,072800E+0	NaN
217,596371E-9	NaN	2,082700E+0	NaN
218,664493E-9	NaN	2,092600E+0	NaN
221,203394E-9	NaN	2,102700E+0	NaN
222,703081E-9	NaN	2,112700E+0	NaN
227,194463E-9	NaN	2,122700E+0	NaN
231,633370E-9	NaN	2,132700E+0	NaN
235,330314E-9	NaN	2,142600E+0	NaN
239,423141E-9	NaN	2,152600E+0	NaN
245,353776E-9	NaN	2,162600E+0	NaN
250,008232E-9	NaN	2,172500E+0	NaN
255,951384E-9	NaN	2,182700E+0	NaN
265,987210E-9	NaN	2,192600E+0	NaN
276,599442E-9	NaN	2,202500E+0	NaN
287,059560E-9	NaN	2,212600E+0	NaN
303,301799E-9	NaN	2,222500E+0	NaN
320,937842E-9	NaN	2,232500E+0	NaN
342,258245E-9	NaN	2,242400E+0	NaN
374,254179E-9	NaN	2,252200E+0	NaN
414,006369E-9	NaN	2,262400E+0	NaN
461,249006E-9	NaN	2,272300E+0	NaN
535,271609E-9	NaN	2,282200E+0	NaN
629,810779E-9	NaN	2,292000E+0	NaN
751,229470E-9	NaN	2,301900E+0	NaN
924,278845E-9	NaN	2,311600E+0	NaN
1,148201E-6	NaN	2,321400E+0	NaN
1,458741E-6	NaN	2,331100E+0	NaN
1,876625E-6	NaN	2,340700E+0	NaN
2,424558E-6	NaN	2,350100E+0	NaN
3,151980E-6	NaN	2,359200E+0	NaN
4,120574E-6	NaN	2,368100E+0	NaN
5,337881E-6	NaN	2,376900E+0	NaN
6,893639E-6	NaN	2,385300E+0	NaN
8,776535E-6	NaN	2,393300E+0	NaN
11,084810E-6	NaN	2,400700E+0	NaN
13,745596E-6	NaN	2,407900E+0	NaN
16,853564E-6	NaN	2,414400E+0	NaN
20,562063E-6	NaN	2,420900E+0	NaN
24,439365E-6	NaN	2,426800E+0	NaN
28,662000E-6	NaN	2,432100E+0	NaN
33,119271E-6	NaN	2,437200E+0	NaN
37,961813E-6	NaN	2,441900E+0	NaN
43,083137E-6	NaN	2,446300E+0	NaN
48,450601E-6	NaN	2,450600E+0	NaN
54,058435E-6	NaN	2,454500E+0	NaN
59,817504E-6	NaN	2,458100E+0	NaN
65,796446E-6	NaN	2,461500E+0	NaN
71,901451E-6	NaN	2,465000E+0	NaN
78,216367E-6	NaN	2,468100E+0	NaN
84,627999E-6	NaN	2,471000E+0	NaN
91,207864E-6	NaN	2,474000E+0	NaN
97,803262E-6	NaN	2,476700E+0	NaN
104,572677E-6	NaN	2,479500E+0	NaN
111,406557E-6	NaN	2,481900E+0	NaN
118,424514E-6	NaN	2,484300E+0	NaN
125,424667E-6	NaN	2,486900E+0	NaN
132,526506E-6	NaN	2,489100E+0	NaN
139,632776E-6	NaN	2,491300E+0	NaN
146,915331E-6	NaN	2,493500E+0	NaN
154,150347E-6	NaN	2,495600E+0	NaN
161,513040E-6	NaN	2,497500E+0	NaN