I (A)	s(I) (A)	U (V)	s(U) (V)
101,009899E-9	NaN	1,002040E+0	NaN
111,017763E-9	NaN	1,101990E+0	NaN
119,015015E-9	NaN	1,202300E+0	NaN
127,808601E-9	NaN	1,302300E+0	NaN
139,736146E-9	NaN	1,402300E+0	NaN
145,807677E-9	NaN	1,502000E+0	NaN
158,500096E-9	NaN	1,602600E+0	NaN
172,383273E-9	NaN	1,702400E+0	NaN
180,934254E-9	NaN	1,802200E+0	NaN
185,668490E-9	NaN	1,902300E+0	NaN
204,348117E-9	NaN	2,002700E+0	NaN
224,183044E-9	NaN	2,102700E+0	NaN
278,049639E-9	NaN	2,202500E+0	NaN
760,438657E-9	NaN	2,301800E+0	NaN
8,892715E-6	NaN	2,392800E+0	NaN
48,720938E-6	NaN	2,449900E+0	NaN
111,868626E-6	NaN	2,481300E+0	NaN
184,348816E-6	NaN	2,502700E+0	NaN
261,218823E-6	NaN	2,519200E+0	NaN
341,160102E-6	NaN	2,533200E+0	NaN
422,173651E-6	NaN	2,545200E+0	NaN
504,271001E-6	NaN	2,556000E+0	NaN
587,265019E-6	NaN	2,566000E+0	NaN
670,850049E-6	NaN	2,575100E+0	NaN